[solid]
diffuse = 0.305882  0.227451  0.000000  1.000000
specular = 0.018000  0.018000  0.018000  1.000000
specularPower = 2.000000
emissive = 0.000000  0.000000  0.000000  1.000000
ambient = 0.305882  0.227451  0.000000  1.000000
